1 0.283203125 0.16875 0.09140625 0.0875
1 0.38125 0.27361111111111114 0.078125 0.09166666666666666
1 0.5140625 0.24513888888888888 0.053125 0.08194444444444444
1 0.662890625 0.09652777777777778 0.08515625 0.15416666666666667
1 0.763671875 0.1638888888888889 0.07578125 0.07222222222222222
3 0.276953125 0.45694444444444443 0.14453125 0.35833333333333334
3 0.37890625 0.4888888888888889 0.0921875 0.275
3 0.4984375 0.4597222222222222 0.0578125 0.24722222222222223
3 0.609375 0.3486111111111111 0.16875 0.3333333333333333
3 0.775 0.3888888888888889 0.125 0.23333333333333334
