1 0.249 0.49066666666666664 0.054 0.048
1 0.23 0.3253333333333333 0.04 0.037333333333333336
1 0.374 0.32 0.048 0.042666666666666665
1 0.16 0.36666666666666664 0.028 0.04
1 0.11 0.3973333333333333 0.032 0.032
1 0.086 0.36133333333333334 0.032 0.034666666666666665
3 0.347 0.384 0.026 0.05333333333333334
3 0.216 0.384 0.036 0.042666666666666665
3 0.162 0.42133333333333334 0.052 0.042666666666666665
3 0.113 0.43066666666666664 0.038 0.029333333333333333
3 0.077 0.4226666666666667 0.034 0.06133333333333333
