1 0.08 0.48933333333333334 0.06 0.050666666666666665
1 0.413 0.456 0.046 0.042666666666666665
1 0.509 0.46266666666666667 0.054 0.056
1 0.579 0.42533333333333334 0.026 0.018666666666666668
1 0.608 0.43333333333333335 0.04 0.034666666666666665
1 0.575 0.492 0.042 0.04
1 0.671 0.4706666666666667 0.03 0.04
1 0.694 0.4226666666666667 0.02 0.024
1 0.717 0.4613333333333333 0.042 0.042666666666666665
1 0.789 0.4106666666666667 0.03 0.02666666666666667
1 0.822 0.42133333333333334 0.02 0.02666666666666667
