1 0.89 0.31 0.216 0.4
1 0.885 0.65 0.222 0.365
1 0.881 0.91 0.234 0.16
1 0.649 0.64375 0.21 0.3275
1 0.653 0.90125 0.218 0.1875
1 0.447 0.62625 0.182 0.3075
1 0.468 0.1025 0.172 0.205
1 0.455 0.865 0.19 0.255
1 0.279 0.87375 0.174 0.2375
1 0.301 0.335 0.154 0.27
1 0.314 0.10125 0.16 0.1975
1 0.169 0.125 0.134 0.24
1 0.061 0.13625 0.122 0.2625
1 0.054 0.39 0.108 0.245
1 0.164 0.37875 0.14 0.2575
1 0.292 0.60375 0.168 0.2575
1 0.148 0.6225 0.148 0.245
1 0.052 0.61625 0.1 0.2325
1 0.145 0.86625 0.158 0.2475
1 0.048 0.8675 0.096 0.235
